0
1350
3141
4782
6508
7707
9000
10528
11566
12663
13842
15669
17120
18757
20786
22371
24026
26092
27655
29656
31187
33131
35090
37214
38844
40451
42179
45115
46829
49489
51076
53058
54820
56818
59273
61290
62808
64976
66733
68499
70280
71965
73385
74664
75859
77725
78793
80091
81473
83210
85243
86962
89285
91999
95340
96956
98615
99890
101247
103122
104623
106766
108760
110104
112057
113603
114969
116824
119013
120882
122833
124247
126667
129023
130523
132377
134239
135609
137160
139096
140398
142232
143969
145640
148110
149903
152031
153585
155817
158402
160447
161858
163746
166387
169016
170325
172569
174127
176177
178077
179554
180951
182837
183825
186256
188317
190294
191808
193348
194685
197033
198854
201302
202817
204038
205786
207504
208421
210056
211763
212934
213871
215551
216962
219924
221898
223922
225566
227329
229352
230940
232393
233988
235464
236929
238320
239977
241465
243197
244729
246052
247711
250177
251747
253225
254543
256484
258140
259733
261304
263202
264542
266255
267743
270018
271875
274485
276776
278232
280743
282592
284100
285971
288708
291591
293357
295626
297792
300129
301331
302908
304111
305433
307636
309272
311371
312642
313809
315586
317376
318509
320381
321632
323298
324965
326725
328662
330968
332990
336077
338702
340070
341608
344321
346892
349504
350775
353058
355820
359333
360939
362251
364072
366845
369285
370727
374997
378158
381698
384399
387464
390219
391702
393844
395232
398140
400799
402029
403932
406496
408729
411146
412254
413764
415198
416435
418114
419897
421192
422800
424078
425344
426504
427873
429997
432495
435068
437706
439282
441622
444320
446829
448378
449197
450166
451302
452444
453937
455828
457575
458913
460655
461795
463251
464460
465367
466904
468320
469585
470871
472175
473720
474735
475695
476923
478421
480033
481242
482943
484424
485774
487698
489163
490302
491550
492825
494841
496272
498027
500208
502995
504704
506557
508861
510299
511666
514296
515750
517858
519381
520215
521497
522593
523960
525224
526697
528398
529867
531260
532074
533179
534680
535807
536941
539613
541616
542687
544178
545472
547416
550018
551709
553276
555712
557623
559555
561546
563422
565176
567039
568973
570699
572492
574688
578277
580269
581732
584549
586144
587857
590270
592299
593842
595603
596825
598066
599354
600845
602794
604545
606218
607850
609774
611168
612710
615001
617092
618697
620951
622697
625774
627780
629277
631688
634190
636089
638461
640371
642949
644191
645601
646965
648281
649341
651041
652868
654034
655963
657950
659428
662318
664531
666512
668773
671510
673396
674903
676876
678863
681216
683182
685432
687453
689607
692581
694761
696313
697755
700059
702607
704242
705824
707840
709628
711174
712700
714574
716162
718448
720646
722325
724795
728016
729524
731489
734066
736571
737909
739914
742018
743366
744721
746057
747416
748273
749421
750377
751259
752612
753807
755486
757455
759014
761411
763699
765043
767219
768981
770886
772629
774514
775725
778865
782420
789020
790523
792752
794377
796473
798339
799665
801191
803047
804753
806559
807962
809710
811149
813109
815084
817228
818647
819918
821179
823405
825066
826561
828192
829758
831180
833258
834966
837365
839462
842292
844630
845798
847234
848214
849617
850661
852340
854507
855971
857669
859068
860421
861919
863810
865500
868524
869951
872391
874541
876375
877872
879788
881836
883405
884806
885742
886980
888932
892268
894259
896430
898812
900751
903196
906648
908926
912282
914361
916907
919127
921564
923594
925469
927062
928816
930425
932049
933604
934823
936898
938677
940217
941872
943540
945563
948151
950637
952931
955873
959176
962020
965363
967588
970116
972211
974106
976370
978608
981164
982753
984569
986925
989390
991224
993293
994774
995892
997623
999052
1000434
1001817
1003687
1005205
1006503
1009439
1011178
1012692
1014814
1016314
1017932
1019285
1020775
1022339
1023727
1025852
1027982
1029953
1032335
1034060
1037221
1039220
1042288
1044338
1045830
1048426
1051042
1053227
1055599
1057642
1059418
1061440
1063553
1064983
1067123
1068765
1071025
1072824
1075067
1077966
1080698
1083703
1087806
1090270
1093959
1094996
1096261
1097281
1098587
1099743
1100853
1102260
1103064
1104198
1105320
1106611
1107528
1108499
1110241
1112398
1114003
1115053
1115858
1117638
1119384
1121242
1122588
1125189
1126911
1128036
1130360
1132258
1134357
1136169
1137794
1140098
1142480
1144084
1145618
1147418
1149178
1150150
1151826
1153096
1154255
1155315
1156800
1158509
1160607
1163253
1164862
1166762
1168168
1170874
1173503
1175408
1177349
1180193
1181377
1182880
1184925
1186403
1189403
1190670
1192060
1194570
1196834
1199524
1201710
1203573
1205087
1206652
1209548
1211350
1213584
1215637
1216821
1219212
1220990
1222870
1224724
1226716
1227870
1229293
1230507
1231853
1233474
1235331
1237111
1238506
1239489
1240832
1241974
1242699
1243414
1244288
1245199
1246049
1247614
1250331
1252220
1254092
1255610
1257701
1260256
1262600
1265122
1267572
1270796
1272327
1274448
1276135
1277584
1278838
1279981
1282444
1284012
1285438
1286904
1287988
1289325
1291152
1292871
1294713
1296787
1298435
1300195
1302599
1305752
1307095
1309338
1310757
1312500
1314192
1315863
1317813
1320092
1322601
1323923
1326122
1327605
1328987
1330279
1332232
1334048
1335488
1336951
1338568
1340322
1342828
1344403
1345865
1347654
1349485
1351216
1352670
1354889
1356951
1358751
1360657
1361928
1364226
1365517
1367633
1369512
1370880
1372397
1373946
1375572
1377079
1378333
1379907
1381262
1382277
1383374
1384618
1386134
1387549
1389039
1390028
1391904
1393105
1394664
1396010
1398798
1400017
1401307
1402120
1403297
1405424
1407531
1409367
1410720
1412243
1413666
1414962
1415765
1416800
1417888
1418729
1419742
1420580
1421536
1422634
1423618
1424607
1425277
1426095
1427110
1428063
1429105
1430281
1431721
1433809
1435427
1437022
1439319
1441337
1443969
1446508
1448526
1452504
1454306
1455596
1457166
1459029
1460476
1461729
1463315
1465223
1467235
1468757
1470740
1472497
1475380
1478214
1479602
1481100
1482556
1484894
1487245
1489958
1492398
1494322
1495865
1498022
1503101
1506137
1510182
1513807
1516622
1521290
1524329
1527647
1531618
1535196
1538234
1540417
1541760
1543839
1545711
1547775
1549546
1551718
1554314
1555699
1557037
1558711
1560423
1561397
1562833
1564083
1565769
1568085
1570358
1573368
1574549
1575772
1577564
1580055
1581570
1582938
1584995
1586405
1587330
1590185
1591881
1593373
1594276
1595182
1596759
1598020
1599320
1600692
1601904
1603164
1604746
1605949
1608172
1610574
1612946
1614816
1616969
1618727
1620604
1623340
1625127
1626751
1628824
1631275
1633913
1636078
1637700
1638781
1639958
1641431
1643297
1644902
1646412
1647970
1649659
1650783
1651731
1653340
1654915
1656203
1658274
1659654
1661511
1662866
1664545
1666108
1667910
1669985
1671563
1673048
1674486
1676001
1677718
1679961
1681202
1682324
1683974
1685932
1687441
1689057
1691533
1693438
1695199
1697395
1698808
1700329
1702024
1703546
1704866
1708037
1710576
1712146
1713387
1715460
1717034
1718489
1719988
1721588
1723325
1724657
1726043
1727425
1729359
1730928
1732340
1733997
1735649
1737611
1738902
1740334
1741902
1743572
1744968
1745957
1747209
1748629
1750112
1751350
1753477
1755748
1757341
1759032
1760153
1761633
1762581
1763879
1765413
1767621
1769839
1772578
1774943
1777177
1778939
1780835
1782926
1784922
1786456
1788055
1790063
1791523
1792586
1793831
1796173
1797988
1800191
1801833
1802953
1803980
1805786
1806948
1808585
1809526
1811086
1812529
1813667
1814846
1815761
1817453
1819206
1821014
1824304
1826281
1830424
1833743
1836425
1838682
1841412
1843081
1844795
1846448
1848854
1850509
1852737
1854285
1855639
1857356
1859224
1860851
1862590
1863739
1866788
1868505
1870147
1871920
1873201
1874832
1876259
1878069
1880214
1882831
1884553
1885978
1887260
1888435
1889501
1890355
1891586
1894395
1895697
1897049
1899718
1901638
1903300
1904736
1906589
1908233
1909418
1911324
1912872
1914333
1915927
1917483
1918498
1919971
1921564
1923616
1925970
1928965
1931059
1933071
1935241
1937358
1940024
1942480
1944491
1946910
1949184
1951638
1954562
1956661
1958162
1960076
1961659
1963496
1965435
1968315
1970615
1972107
1974550
1977489
1979648
1981430
1983030
1984842
1985926
1987165
1988768
1990383
1991936
1992771
1993874
1995373
1996565
1997710
1999098
2000989
2002588
2004528
2005910
2007401
2009226
2010880
2012979
2014721
2017229
2019238
2021741
2024009
2025732
2028374
2030621
2033354
2035508
2037438
2039266
2042391
2044184
2047903
2050077
2053686
2056148
2058363
2061468
2065407
2067529
2068763
2071033
2072918
2075022
2076068
2077528
2079200
2081581
2083723
2086345
2088702
2090417
2092558
2094031
2095437
2096855
2098199
2099266
2101462
2102892
2104847
2106715
2109142
2111518
2113362
2114648
2116777
2118105
2119663
2120980
2121911
2123096
2124614
2126282
2127855
2128838
2135185
2137358
2140685
2143045
2144861
2146374
2148379
2151476
2154344
2156325
2157219
2159089
2160838
2162297
2163346
2164795
2166121
2167159
2168747
2170275
2171599
2172555
2173866
2175517
2177068
2178024
2179110
2180126
2181376
2183569
2185312
2187138
2188710
2190192
2192379
2194585
2196628
2198648
2201093
2202782
2205061
2206911
2209790
2212278
2213946
2216527
2220168
2223248
2226123
2228883
2231824
2234539
2236906
2240534
2243136
2245543
2248318
2251212
2254165
2256207
2257860
2260294
2262265
2264676
2266178
2267351
2268706
2269997
2270960
2272452
2273624
2274823
2275763
2278019
2279803
2282679
2284866
2287599
2289036
2290960
2293514
2295231
2297532
2300367
2302944
2304745
2306659
2308447
2310289
2311755
2314413
2316825
2318711
2320585
2322471
2324490
2326148
2328130
2329917
2332110
2334151
2336205
2337888
2339288
2340056
2341405
2344040
2346963
2349471
2351460
2353175
2354260
2356261
2358097
2360997
2363149
2364510
2366370
2368529
2369889
2371762
2373620
2375580
2377813
2380031
2382545
2384900
2386413
2388171
2390402
2392301
2394588
2396075
2397840
2399373
2401342
2404780
2406929
2409938
2411632
2414282
2415964
2418276
2419934
2421837
2423713
2424553
2425441
2426698
2428539
2430217
2431828
2433123
2434387
2436071
2437453
2438734
2440544
2441919
2443680
2444491
2446212
2448752
2450043
2451447
2453419
2454850
2455919
2458060
2460077
2461385
2463261
2465582
2467891
2469705
2471934
2473859
2475397
2477341
2479003
2481527
2483525
2484864
2486751
2489409
2491576
2493856
2495802
2497561
2498430
2501095
2502665
2505563
2507193
2508694
2510549
2512258
2514427
2516542
2518387
2519330
2521354
2522638
2524113
2525331
2526760
2528034
2529444
2530806
2532755
2534039
2536225
2537730
2539087
2541718
2543511
2545608
2547598
2549378
2552107
2555112
2557576
2560464
2563131
2565679
2569372
2572923
2574893
2576641
2578307
2580046
2581189
2582935
2584375
2585722
2587141
2588911
2590004
2591496
2593468
2595088
2596389
2597470
2599180
2600633
2602179
2603314
2604530
2606571
2609424
2611026
2612753
2615310
2618201
2619771
2621683
2622774
2624085
2626736
2628847
2631726
2634570
2635600
2637503
2638753
2640304
2641979
2643670
2645493
2647650
2651412
2653012
2654649
2656367
2658095
2659680
2661923
2663046
2664465
2666576
2668547
2670667
2672894
2674417
2676950
2679088
2680493
2681785
2683111
2684373
2685586
2687192
2688983
2690973
2692360
2694822
2696746
2698070
2699501
2702539
2704301
2706515
2709289
2711598
2713677
2715374
2717049
2719261
2720646
2721930
2722949
2723948
2725393
2726671
2728222
2730042
2731490
2732453
2734478
2735963
2737416
2738666
2740022
2741483
2742777
2744059
2745754
2748531
2751287
2754914
2757768
2759515
2761888
2764105
2766363
2767878
2770045
2771483
2772388
2774042
2775304
2776801
2778434
2779970
2781520
2782818
2784498
2786416
2787528
2789418
2791203
2792865
2795532
2797123
2798993
2800346
2802401
2804537
2806028
2807895
2809580
2811816
2813882
2816353
2818700
2820924
2822437
2824408
2825958
2827804
2829300
2831388
2833230
2835445
2837711
2838982
2841449
2843145
2845084
2846400
2847703
2849517
2851295
2853254
2854878
2856618
2859078
2860728
2862678
2864193
2866658
2868464
2870517
2871862
2874726
2877307
2878851
2880725
2882276
2884116
2885851
2887602
2889110
2890461
2892216
2893842
2895324
2896725
2898261
2899529
2901623
2903559
2905659
2907238
2909525
2912121
2914685
2916777
2918473
2920456
2922911
2924382
2925557
2927332
2929463
2931032
2932340
2933711
2934887
2935713
2936573
2938804
2941357
2943077
2945424
2947399
2949902
2952629
2954377
2956352
2959130
2961179
2962824
2964615
2966896
2969409
2971152
2973789
2975634
2978035
2979620
2980933
2981943
2983445
2985232
2987076
2988241
2989305
2991745
2993445
2995007
2996432
2997888
3000286
3003609
3005424
3008209
3010734
3012097
3014261
3016984
3018186
3020486
3022758
3024360
3026627
3028282
3030357
3032274
3033733
3036088
3037946
3039005
3042087
3044832
3046635
3048085
3049555
3050673
3051962
3053990
3056026
3057357
3060000
3061510
3063663
3065424
3067875
3070172
3072875
3074332
3075751
3076590
3078072
3079805
3081749
3083063
3084490
3085855
3087380
3088816
3091295
3093143
3095857
3098316
3100333
3102414
3104807
3106430
3107650
3109110
3110526
3113803
3115764
3118250
3120379
3122202
3123861
3124939
3126741
3128220
3129540
3131400
3132817
3134052
3135556
3137086
3138379
3139847
3141349
3142582
3143738
3145997
3148208
3150468
3152339
3154023
3155830
3156832
3158356
3160012
3161718
3163864
3165254
3166668
3168734
3170506
3173370
3175300
3177297
3178884
3180080
3181610
3183208
3185137
3188291
3190001
3191863
3193761
3195586
3197573
3199225
3200931
3202667
3204187
3206539
3209172
3210605
3212085
3213529
3215923
3217967
3220614
3223194
3225119
3227414
3229535
3231690
3233472
3236043
3237946
3240667
3241752
3243669
3244604
3245833
3246812
3248289
3250303
3251629
3254319
3255571
3257410
3258715
3259621
3260611
3262767
3264280
3265616
3267787
3269540
3271374
3273753
3275324
3277194
3279277
3281361
3283057
3284843
3287496
3289441
3291192
3293383
3295161
3297487
3299238
3300800
3302531
3303818
3305265
3307087
3309317
3311750
3313502
3316675
3318506
3320716
3322073
3323946
3325650
3327761
3329099
3331310
3333498
3335329
3337264
3338310
3340319
3341806
3343606
3345138
3347070
3348583
3350162
3352237
3353585
3355052
3357626
3358855
3360891
3363645
3365781
3367075
3369556
3372628
3375463
3377891
3380817
3382353
3384008
3385741
3387216
3388844
3390935
3392177
3394598
3395960
3397610
3399595
3401000
3402700
3404153
3405573
3407182
3408385
3409651
3411513
3412590
3413727
3414978
3415924
3417038
3418280
3419325
3421213
3423231
3425090
3427206
3429914
3432266
3435555
3437774
3439844
3442428
3444246
3446268
3447532
3448522
3449819
3451180
3452266
3453501
3454236
3455348
3457302
3458983
3460468
3462393
3464243
3465649
3467096
3468792
3471430
3472818
3474137
3475744
3477233
3478137
3479593
3481013
3482561
3484004
3485847
3487482
3489387
3490965
3492655
3494931
3496310
3497725
3499100
3501268
3502965
3504455
3506626
3509136
3511499
3513817
3516179
3518256
3519940
3522369
3523699
3525506
3528259
3531486
3533377
3535813
3537615
3540498
3542647
3544283
3545933
3547522
3549410
3551193
3554103
3556695
3559354
3561613
3564027
3566708
3568470
3570170
3571817
3573219
3574253
3575508
3576979
3578555
3580058
3581389
3583225
3584521
3586633
3588541
3591566
3593752
3595159
3596670
3598804
3600405
3602581
3604724
3606768
3608822
3610693
3612009
3613274
3614267
3616693
3617924
3619533
3621289
3623850
3625813
3627271
3628718
3631399
3633693
3635129
3636466
3637939
3639554
3641587
3643141
3644784
3646639
3648118
3649370
3651539
3653272
3655184
3657384
3659226
3661642
3664143
3666118
3668751
3670313
3671699
3674166
3675809
3678243
3680605
3682635
3685503
3687808
3689728
3691480
3693946
3695671
3697993
3700085
3701845
3703087
3704943
3706400
3707843
3709369
3711562
3712975
3714988
3717000
3719382
3721305
3723423
3725661
3728347
3729588
3731539
3733417
3735326
3737290
3739974
3741804
3744053
3746448
3747385
3748473
3750257
3752232
3752938
3755453
3756693
3757891
3759872
3761361
3762957
3764606
3766707
3768716
3770207
3771928
3773116
3775014
3776533
3777963
3778809
3780044
3781163
3782444
3783511
3784946
3786393
3787884
3789490
3791894
3795086
3797512
3798730
3800139
3801782
3802588
3804142
3806745
3808287
3810050
3811725
3813515
3815006
3816515
3818882
3821207
3824519
3826750
3829663
3831542
3833039
3834785
3835911
3837428
3838598
3840767
3842055
3843455
3845154
3846566
3848074
3849402
3850733
3852082
3853922
3855422
3857130
3859842
3862308
3864474
3866132
3868272
3870863
3872759
3874367
3875984
3878647
3880599
3883115
3884988
3886630
3888338
3890303
3892184
3893417
3895370
3897959
3900100
3901529
3902548
3904272
3906381
3908781
3910614
3912685
3914899
3917195
3919013
3921415
3923691
3925531
3928142
3930689
3932931
3934732
3936889
3940437
3942225
3943871
3945974
3948355
3950961
3952878
3954982
3956789
3958615
3961425
3964240
3966334
3968232
3970040
3971963
3973893
3975464
3976897
3978598
3982014
3984274
3985533
3987228
3988128
3990036
3991574
3993688
3995487
3997723
3999637
4001591
4003334
4005055
4007132
4008750
4010632
4012073
4013687
4015356
4017853
4019524
4020507
4021558
4022853
4024021
4025302
4026977
4028027
4029345
4030934
4032334
4033726
4035013
4036194
4038071
4039799
4040740
4041747
4043102
4044143
4045386
4046913
4049863
4051996
4053524
4055718
4057734
4059080
4061150
4063302
4064940
4066691
4068878
4070529
4072284
4075846
4077188
4079129
4081384
4083364
4085529
4087300
4088530
4090341
4092348
4094267
4095718
4098000
4099408
4100956
4103172
4105607
4108183
4110010
4111602
4112884
4114684
4116064
4117591
4120073
4121715
4123589
4126049
4128069
4129219
4130689
4132140
4133363
4134694
4136201
4138423
4139486
4141710
4143432
4144861
4146328
4148189
4150040
4152203
4153586
4155352
4157193
4158665
4159666
4160734
4162190
4163980
4166143
4168205
4169371
4171949
4174538
4175988
4178240
4180116
4181781
4183139
4184650
4187100
4189675
4191818
4193305
4194948
4197131
4198413
4199873
4202410
4204189
4205467
4206689
4208257
4209558
4211632
4212986
4214451
4215846
4216792
4218186
4219668
4221573
4223410
4225341
4226999
4228517
4230017
4231471
4233575
4235726
4238066
4239677
4241720
4243393
4245248
4247566
4249693
4251005
4253428
4255423
4257643
4260492
4261804
4263437
4265313
4266603
4268667
4270486
4272561
4275391
4276687
4278216
4279363
4280737
4282404
4283759
4285222
4286423
4287797
4289986
4292479
4295148
4297988
4301390
4304377
4306135
4307658
4309619
4311410
4312990
4314868
4316617
4318343
4319658
4321658
4323002
4323603
4324503
4325104
4325746
4326450
4327121
4327753
4328445
4329934
4331080
4332203
4333351
4334538
4335551
4337462
4339056
4341454
4343445
4345244
4346669
4348043
4350028
4351282
4352628
4354210
4355670
4357138
4358695
4360413
4361919
4363707
4365126
4366774
4367866
4368716
4369702
4370206
4370701
4371183
4372647
4373099
4373630
4374369
4375103
4375924
4376806
4377896
4379014
4380258
4381244
4382689
4383445
4384389
4385456
4386663
4387631
4388508
4390656
4392250
4393519
4395130
4396450
4398310
4399548
4401414
4402685
4404560
4406552
4407817
4409377
4413058
4417578
4420457
4422594
4425505
4427471
4430719
4432541
4435002
4438266
4440931
4443926
4446546
4448408
4449835
4452231
4454657
4456070
4458120
4460658
4461934
4463054
4464126
4467125
4469340
4470721
4472781
4474748
4477619
4478885
4480490
4482118
4483595
4485226
4487230
4488507
4489950
4491882
4494217
4495969
4497799
4501343
4503708
4506670
4508606
4510875
4514645
4516579
4518656
4520513
4522830
4524460
4526826
4528461
4530074
4531403
4533226
4534518
4537211
4538578
4540674
4542234
4543633
4545850
4547211
4550832
4553916
4555587
4557557
4562553
4565529
4568262
4570933
4573557
4575649
4578370
4580988
4582603
4584236
4587330
4590949
4594258
4597057
4599721
4602978
4605540
4607599
4610386
4613035
4615108
4616502
4617970
4619311
4620365
4621683
4622900
4624539
4625976
4628149
4629609
4631415
4633008
4634614
4636492
4638158
4639491
4640875
4642327
4643996
4646313
4648461
4650677
4652563
4654528
4655982
4658054
4660380
4662188
4663707
4664848
4666559
4668216
4670038
4671419
4672934
4673834
4675602
4677877
4680375
4681939
4684009
4685753
4687056
4688330
4689756
4691752
4694556
4696524
4698653
4700875
4702931
4704711
4706500
4708026
4709682
4711175
4713269
4715083
4716341
4718051
4719705
4720938
4722290
4723718
4724769
4725913
4727047
4728245
4730202
4733738
4736906
4738845
4740040
4742269
4743887
4745530
4748357
4750419
4751958
4753803
4755375
4756583
4758560
4760009
4760837
4762003
4763450
4765051
4766573
4767876
4769738
4770998
4772729
4775117
4776508
4777895
4779049
4781739
4783560
4786666
4790142
4791714
4793498
4795782
4797434
4800852
4802493
4804790
4807193
4809394
4812322
4813743
4815992
4817879
4819464
4821286
4822922
4824905
4826143
4827740
4829895
4832764
4835260
4837580
4839107
4840618
4842347
4843450
4844834
4846274
4847717
4849109
4850280
4851489
4852967
4854161
4855477
4857254
4858717
4860520
4862099
4863880
4866445
4868372
4870040
4872309
4874145
4876519
4878944
4880652
4882299
4884238
4886767
4889396
4892563
4894517
4896490
4898120
4900106
4901942
4903564
4905331
4908401
4910311
4912378
4913827
4915314
4917295
4919214
4921863
4923075
4924428
4925722
4927113
4928861
4931347
4933349
4935586
4937534
4939601
4941428
4942980
4945181
4946847
4948282
4949763
4951013
4951952
4953216
4954872
4956078
4957320
4958352
4959957
4960626
4961957
4964222
4965641
4967199
4969478
4972215
4974454
4976410
4978454
4980134
4982284
4984184
4986440
4988178
4989368
4990857
4991783
4993304
4994647
4996425
4997691
4999081
5000798
5002757
5004946
5007561
5010635
5012516
5015176
5017438
5019384
5022071
5024443
5026898
5028347
5030109
5032274
5033779
5035900
5037869
5039563
5041604
5043339
5044895
5046490
5048000
5049597
5052126
5054382
5056209
5058443
5060823
5062038
5064419
5066030
5067370
5068599
5069639
5070945
5072266
5073265
5074716
5076100
5077480
5079001
5080419
5081784
5083102
5084279
5085614
5086906
5088109
5089013
5090174
5091098
5092313
5093398
5094849
5097056
5098767
5100288
5102163
5104316
5105815
5107539
5109419
5110803
5112687
5114285
5115860
5117416
5118915
5120596
5122213
5124023
5125401
5127604
5129657
5131558
5134078
5136103
5137735
5139460
5141814
5143604
5145600
5147485
5149806
5151748
5153443
5154881
5156440
5157798
5159373
5160567
5161581
5163690
5165280
5166551
5167597
5168997
5170362
5171602
5172935
5174402
5176027
5176860
5178450
5180123
5182870
5184730
5186583
5188679
5190122
5191359
5192663
5194388
5196377
5198265
5200502
5202992
5205921
5207898
5213666
5215627
5217149
5219095
5220587
5222045
5223466
5224960
5226755
5228124
5229808
5231920
5232888
5233945
5235527
5237783
5239300
5241048
5242772
5243866
5245460
5246912
5248143
5249681
5251200
5252699
5255702
5258048
5259346
5261414
5263927
5266114
5267541
5269167
5270889
5272429
5274479
5275741
5277219
5278482
5281241
5282321
5283956
5285564
5287630
5288757
5290400
5291464
5292851
5294358
5296837
5298112
5299702
5300937
5302129
5303688
5305028
5306249
5307607
5309514
5310982
5313007
5315553
5318641
5320076
5321615
5323593
5325388
5327874
5330156
5333287
5335312
5336999
5339421
5340963
5342387
5343438
5344635
5346046
5347075
5348067
5349536
5351931
5353031
5353891
5355100
5356051
5357198
5358450
5360032
5360885
5361436
5362165
5363204
5364741
5368162
5369676
5373187
5376780
5379590
5381565
5384697
5387147
5388920
5390799
5393138
5395594
5398245
5401676
5403841
5407432
5410364
5412944
5414906
5416598
5418524
5420325
5421720
5424405
5426085
5427872
5429371
5431261
5432991
5434548
5437131
5439207
5440038
5441235
5442293
5444079
5445037
5446725
5448919
5452036
5453644
5456242
5458615
5460530
5463245
5464901
5466234
5468667
5470377
5471705
5474033
5475096
5476576
5478866
5480605
5482477
5484065
5485704
5487908
5489194
5491916
5493953
5495988
5497831
5501791
5504215
5506556
5507699
5509199
5510725
5513212
5515044
5516611
5517708
5519400
5521225
5524184
5526484
5528600
5530590
5533194
5535264
5537645
5540113
5541267
5542834
5544600
5547333
5548689
5550157
5551840
5553773
5554628
5556372
5557553
5558916
5560519
5561874
5563258
5564641
5566328
5567595
5568686
5570160
5571628
5573057
5574482
5575885
5577635
5579224
5580450
5582140
5583567
5584775
5586801
5588755
5589848
5591288
5592752
5594269
5596380
5598076
5600419
5602401
5604964
5606793
5608561
5610144
5612519
5614719
5618475
5621025
5624124
5626216
5628844
5630823
5633568
5635349
5636967
5638934
5640378
5642020
5643012
5644814
5647285
5648990
5651360
5654201
5656990
5659215
5662754
5664965
5667613
5669969
5672712
5674146
5675916
5678386
5679876
5681006
5683083
5684446
5686115
5688175
5689595
5691698
5693513
5695245
5696931
5698356
5699791
5701608
5703238
5704676
5706521
5707990
5709677
5711363
5712718
5714047
5715369
5716830
5718055
5720009
5721514
5723162
5725276
5727501
5728937
5730554
5732069
5732991
5734286
5735676
5737630
5740137
5742824
5744590
5746700
5748476
5750829
5753581
5755350
5758597
5761967
5764300
5767646
5770514
5772265
5774548
5776780
5777688
5780106
5781636
5783783
5786251
5789393
5791618
5793664
5796284
5798799
5800450
5802565
5804507
5805595
5806770
5807852
5809896
5811413
5812462
5814943
5816248
5818036
5819888
5821784
5823316
5825332
5826840
5828102
5829479
5831256
5832728
5834147
5836474
5838496
5840719
5843001
5845030
5846601
5848216
5849870
5851546
5852854
5854735
5856765
5859357
5860705
5862110
5863155
5864353
5865306
5867207
5869352
5870988
5872100
5873041
5874294
5875670
5876677
5877819
5879277
5880648
5882328
5883229
5884427
5885893
5887257
5888754
5889747
5891088
5892423
5893775
5895392
5897222
5898428
5899734
5902858
5904708
5906607
5908687
5910955
5912282
5914101
5915531
5916856
5918423
5919812
5922018
5924329
5926158
5929016
5930987
5932375
5933932
5935250
5937208
5939738
5944025
5945861
5948471
5949949
5952620
5954770
5957115
5958767
5960650
5962763
5963949
5966120
5968163
5969827
5971932
5974257
5976487
5978486
5980313
5982788
5984585
5987212
5990198
5992549
5994122
5996397
5998867
6000676
6002454
6005145
6007077
6008430
6009797
6010865
6012089
6013735
6016039
6019287
6022001
6025005
6026930
6029370
6031088
6033838
6035713
6037412
6039726
6041341
6042953
6044106
6045078
6046770
6048250
6049511
6050768
6052245
6055089
6057598
6060706
6062858
6065425
6068133
6071097
6073323
6075501
6078474
6080309
6083388
6085089
6086468
6088309
6090040
6091356
6094159
6095726
6097337
6099623
6101489
6103535
6105728
6106866
6108591
6111977
6114572
6116424
6117973
6120048
6122088
6124149
6125778
6127338
6128933
6130762
6131795
6132741
6133786
6134805
6135833
6137152
6138532
6139684
6140907
6142077
6143333
6144462
6145717
6146913
6148183
6150347
6151682
6153412
6155328
6157614
6159424
6160506
6161677
6163248
6164322
6165441
6166747
6167965
6168968
6170304
6172198
6173413
6174770
6176098
6178264
6179247
6180572
6183071
6185394
6188480
6189896
6194483
6195802
6197519
6199124
6200121
6203486
6204759
6206084
6207414
6209696
6211621
6213580
6215620
6217897
6219532
6221518
6223268
6225303
6227309
6229339
6232294
6234953
6237038
6238451
6239946
6242171
6243885
6245878
6247791
6249068
6251338
6253832
6255552
6257305
6258589
6259941
6261670
6262791
6264637
6266423
6268107
6269015
6270444
6271585
6272898
6274528
6276759
6278110
6279982
6281532
6282709
6284635
6286439
6287897
6289795
6291811
6292942
6293882
6294922
6297351
6298914
6300048
6301817
6302757
6304956
6306449
6307609
6309039
6310191
6311461
6312841
6314553
6316303
6317682
6319601
6321587
6323173
6324841
6326050
6328100
6330568
6332460
6333795
6335689
6337865
6339661
6341112
6342937
6344050
6345797
6347573
6348971
6350102
6351279
6353790
6355804
6358342
6361076
6363720
6365647
6367602
6369592
6371039
6373419
6374811
6377550
6379298
6382479
6384497
6386059
6387937
6389500
6391712
6393834
6395071
6396302
6397229
6398824
6401211
6402581
6403847
6405103
6407119
6409038
6410256
6412015
6413351
6414207
6415726
6416851
6418922
6420071
6421614
6423485
6425095
6427682
6429416
6430694
6432164
6434424
6436602
6437898
6439690
6441066
6443392
6445583
6447531
6449541
6451265
6452989
6455400
6456938
6458492
6460185
6462125
6463496
6465083
6467299
6469644
6471446
6473571
6475567
6476726
6478070
6479790
6481528
6483100
6485412
6486902
6488508
6490056
6491316
6492854
6494494
6495668
6496542
6497682
6498699
6499749
6501194
6502808
6505005
6506778
6508152
6509904
6511281
6512607
6513766
6514948
6516341
6517673
6518580
6519655
6521602
6524012
6525938
6528404
6531973
6533390
6536279
6537776
6538946
6540303
6541644
6543164
6544356
6545463
6546809
6548000
6549505
6551627
6554429
6555839
6557945
6559535
6561355
6563124
6564865
6566429
6568418
6570822
6572995
6574291
6575522
6577415
6579553
6581164
6582802
6583900
6585130
6586824
6588509
6590172
6591825
6593731
6595904
6597613
6599182
6600562
6602247
6603862
6605183
6606817
6608239
6609813
6611908
6613571
6615280
6616268
6617620
6618553
6620603
6621715
6623296
6624715
6626238
6627825
6629671
6630862
6632705
6633808
6635300
6636960
6638720
6640484
6642654
6645680
6647615
6649026
6650834
6652583
6654890
6657112
6659029
6661267
6663171
6664916
6666348
6668025
6670296
6671940
6673672
6676275
6678678
6680349
6681552
6683238
6685190
6687568
6689649
6691631
6693502
6694928
6696504
6697836
6699436
6701822
6704123
6706905
6709431
6711040
6713574
6716244
6718163
6720175
6721882
6723904
6725747
6728056
6730025
6731900
6733179
6734803
6736835
6738502
6739741
6742398
6743893
6746606
6748627
6750801
6752547
6754727
6756559
6758494
6759849
6761474
6763166
6765682
6767743
6770248
6771740
6773807
6775798
6777981
6780310
6782331
6785390
6786795
6789028
6791480
6793183
6794703
6796659
6798471
6800259
6801770
6803731
6805890
6807876
6809763
6812169
6814294
6817390
6818817
6820269
6823093
6825667
6827232
6830814
6833658
6835773
6837710
6839976
6842636
6844033
6845529
6846598
6847698
6849374
6851564
6853463
6855135
6858081
6860837
6862222
6864231
6866672
6867966
6870353
6872080
6874471
6876250
6878103
6880723
6882101
6883844
6885750
6887647
6889587
6891040
6892892
6894968
6896252
6898674
6901226
6903109
6905289
6907295
6909957
6912034
6914324
6916851
6918753
6920349
6923645
6925036
6927622
6929329
6931930
6934533
6937600
6939922
6941925
6946131
6950500
6953080
6955410
6957049
6958591
6961068
6962585
6964230
6965865
6967579
6968900
6970509
6972654
6973890
6974815
6976009
6977005
6978693
6980776
6982894
6984506
6985696
6986940
6988435
6989989
6991895
6993485
6996057
6998242
6999957
7001637
7003934
7006511
7010109
7013315
7015114
7016918
7019498
7021828
7023442
7025300
7026836
7028865
7030768
7032295
7034081
7036608
7038683
7040377
7041726
7042935
7044244
7045525
7047040
7049923
7052082
7053604
7055064
7056706
7058613
7060834
7062776
7065113
7066337
7068611
7070565
7073251
7074602
7076461
7078039
7079926
7081315
7082825
7084517
7085997
7088473
7090088
7091850
7094110
7096163
7097657
7098974
7100668
7102428
7104349
7106055
7107419
7109199
7111661
7112639
7113833
7115585
7116527
7117846
7119303
7120997
7123079
7124872
7126911
7128630
7129899
7133019
7135204
7138704
7140933
7143305
7144731
7146908
7148640
7151732
7152840
7154299
7155514
7157139
7160857
7162411
7164366
7165776
7167716
7169420
7170745
7171983
7173314
7174801
7175839
7177969
7179617
7181795
7184459
7186360
7188258
7191105
7193201
7195200
7197027
7198514
7199689
7200842
7202083
7203664
7205027
7206149
7207291
7208897
7210318
7211865
7213441
7216117
7218085
7220178
7221782
7223550
7225673
7227447
7229859
7231533
7233462
7235490
7238068
7240094
7241826
7243202
7244544
7246631
7248015
7249424
7251663
7253509
7255191
7257248
7258453
7259822
7261157
7262731
7264057
7265029
7266469
7267916
7268996
7270514
7272212
7273341
7274206
7274843
7276617
7277702
7278796
7279930
7280974
7282241
7283041
7284083
7285401
7287202
7288047
7289872
7291537
7292424
7293299
7294748
7296327
7297936
7299436
7300251
7302144
7303985
7305272
7307452
7309225
7310766
7312231
7314138
7315577
7317172
7319384
7321085
7322934
7324892
7325863
7327465
7329529
7331305
7333356
7335420
7336965
7338903
7341025
7343136
7345664
7348720
7351117
7353578
7356437
7360137
7361854
7364535
7366748
7369447
7371407
7373762
7377242
7379184
7382121
7385502
7387916
7390288
7392552
7394896
7397168
7399025
7401633
7404096
7406623
7408324
7410003
7414176
7415912
7418021
7420050
7421672
7423447
7424752
7425696
7426671
7427910
7429878
7431657
7433257
7434830
7436325
7438295
7439348
7440987
7442866
7444526
7446567
7448379
7449673
7451412
7453857
7455364
7457321
7458779
7460950
7462793
7464177
7465694
7467566
7468965
7470768
7472491
7474180
7476301
7477413
7479308
7481055
7482454
7483749
7485380
7487505
7489507
7491226
7492994
7495348
7498080
7499483
7501227
7503002
7504108
7505719
7507404
7508743
7510786
7512012
7513554
7514605
7515915
7517301
7518812
7520074
7521563
7523654
7525822
7527099
7528667
7531052
7533724
7535782
7538279
7540006
7541471
7543310
7544626
7546190
7547874
7549757
7551787
7553894
7556109
7557525
7559603
7561781
7563166
7564450
7565561
7566576
7568244
7570107
7571783
7573340
7574663
7576440
7578021
7579365
7581190
7583478
7585066
7586586
7588036
7590086
7591586
7593106
7594661
7596537
7598839
7600408
7602771
7604822
7606707
7608236
7609635
7610924
7612999
7614783
7615965
7616959
7618576
7620085
7622194
7624214
7627482
7629939
7632427
7634356
7638409
7639841
7641541
7643220
7646519
7647746
7649139
7651312
7653422
7655183
7656944
7658466
7660330
7662009
7663279
7665181
7666987
7668437
7669725
7671166
7673077
7674697
7676225
7678657
7680347
7682267
7684229
7686442
7688013
7689829
7691601
7693285
7695498
7697012
7698845
7700827
7702603
7703929
7705265
7706943
7708294
7709911
7711602
7713553
7715539
7717235
7719679
7721639
7723361
7725628
7726871
7728480
7730584
7733224
7735036
7737875
7739815
7741338
7743346
7745181
7746458
7748266
7750091
7751977
7753614
7756445
7757867
7760240
7761740
7763231
7765130
7766449
7768153
7769715
7771762
7774246
7776519
7779288
7781324
7783072
7785083
7787339
7789630
7790599
7792530
7794022
7796644
7799471
7802879
7807792
7810991
7813033
7814152
7816274
7818066
7820288
7821805
7823525
7824613
7825665
7827106
7828195
7830052
7831832
7833281
7835025
7837049
7838760
7840788
7842424
7843494
7844747
7846702
7849466
7850881
7852927
7856071
7857993
7859051
7860408
7861379
7863341
7865015
7866711
7869521
7870939
7872070
7874521
7876441
7878332
7881327
7882888
7884725
7886790
7888875
7891238
7892577
7894202
7896082
7897877
7900094
7901883
7903232
7905856
7906977
7909412
7911310
7912977
7915447
7917208
7919488
7920534
7921599
7922902
7924198
7925410
7926711
7927747
7929147
7930093
7931194
7932771
7934755
7936701
7938303
7940195
7942997
7944807
7946403
7947976
7949547
7952047
7953799
7955102
7956550
7958417
7960108
7961602
7963180
7965597
7967190
7970080
7971479
7973548
7976050
7978629
7980337
7982583
7984620
7989003
7991126
7994146
7997592
7999017
8001629
8004388
8006063
8008717
8011510
8013544
8015378
8017030
8019425
8021272
8024148
8025986
8028473
8030366
8032504
8034522
8035707
8036637
8038547
8040741
8041903
8044472
8045743
8047512
8050042
8051946
8053964
8055606
8056937
8058949
8060575
8062006
8063316
8064361
8065496
8067308
8068673
8070587
8071826
8073523
8074601
8075750
8077039
8078669
8080521
8082454
8084131
8085943
8087450
8088997
8090578
8091778
8093861
8095638
8097264
8098553
8099751
8101837
8103706
8104883
8106331
8107956
8109013
8110235
8111269
8113147
8114167
8116130
8117601
8119045
8120309
8121637
8123682
8125746
8127669
8129675
8130994
8133576
8135467
8137361
8139399
8140501
8141666
8143684
8145275
8147310
8148619
8150732
8152527
8154099
8155644
8157761
8160450
8162234
8163848
8166244
8167739
8169932
8171928
8174785
8177625
8179214
8180665
8182829
8184322
8185806
8188509
8191354
8193320
8195332
8198113
8199433
8200721
8202215
8203634
8204715
8206063
8207217
8208972
8211129
8213233
8214844
8216463
8218499
8220647
8222374
8225440
8227161
8228835
8230072
8231296
8233281
8234568
8236210
8237573
8239358
8240930
8242731
8244153
8246187
8248284
8250286
8252196
8254142
8255723
8257722
8259211
8260272
8262372
8264065
8265825
8268150
8271673
8274356
8276389
8279775
8281683
8283968
8286716
8289878
8292777
8295039
8297021
8299503
8301613
8303787
8307768
8309937
8311658
8313766
8315061
8317601
8318827
8320857
8323136
8324779
8327234
8328907
8331276
8332968
8335470
8337625
8340474
8344024
8345934
8347799
8349530
8351382
8353503
8356039
8357866
8360503
8362612
8364457
8366441
8368403
8369664
8372816
8374674
8377336
8380527
8382166
8383504
8384886
8386088
8387620
8389428
8391232
8392667
8394502
8397103
8400629
8402332
8403768
8406265
8408923
8411019
8414097
8415984
8417608
8418763
8421332
8422678
8425711
8429487
8431100
8432704
8434595
8436524
8438185
8439794
8441001
8442516
8444580
8445917
8448338
8450164
8452227
8453445
8455649
8458231
8459772
8460990
8462118
8463382
8466909
8468254
8469616
8471482
8472923
8474628
8476249
8478166
8480166
8482849
8484466
8486026
8488638
8490308
8491653
8494155
8496884
8498715
8502266
8504955
8507510
8510695
8512331
8515116
8516869
8518809
8521042
8524637
8527359
8531216
8534465
8537918
8541473
8544256
8545299
8546962
8548707
8549974
8551458
8552997
8554078
8555072
8556238
8557958
8559005
8559926
8562369
8564198
8566008
8567841
8569201
8571001
8573271
8575419
8577604
8581473
8583275
8584893
8587281
8588880
8590780
8593140
8595252
8596703
8598567
8600383
8602690
8604420
8607214
8609818
8612559
8614089
8615425
8617898
8620540
8622182
8623655
8625795
8627422
8630098
8631806
8633320
8634605
8635786
8637007
8638210
8640023
8641529
8643497
8645285
8646668
8648320
8651099
8652669
8654114
8655526
8657035
8658372
8659291
8660475
8662044
8663760
8665898
8667675
8669210
8670889
8672738
8674337
8676459
8678404
8680395
8683465
8687129
8689143
8692171
8694467
8697282
8699726
8702084
8703659
8704783
8705979
8707823
8709503
8711054
8712384
8713629
8715242
8716349
8719213
8719543