0
1354
2732
4287
6041
7149
9019
10041
11072
12580
14249
16134
17733
19049
20901
22489
23767
25562
28621
30177
32031
33811
35506
36730
38140
39591
41237
43350
44752
47004
48226
49846
52167
54945
56631
58544
60367
62525
64114
65367
67508
69060
70420
72959
74536
76108
77855
79515
82670
84893
87082
92075
93898
96781
98834
100183
101764
103314
104387
106264
108253
110346
111960
113728
116030
117873
119673
121170
123070
124881
127115
129550
131043
132777
134411
136007
137491
139907
141816
143216
144709
146567
148267
149812
152281
153915
155624
157328
159043
161471
163557
167462
169746
171553
173296
174534
176146
177606
179701
181195
182482
183790
185334
187032
189012
190766
191987
193755
195586
196799
199137
201119
204572
206218
208562
209531
210635
211469
213406
215358
217107
218146
219346
221258
224278
226036
227779
229567
231542
234402
235555
236785
238073
239459
240891
242021
243743
245409
246833
248243
249929
251957
253678
255052
256456
258970
260288
261830
263253
265381
266948
268329
269879
271382
273728
275312
276763
278204
280560
282711
284569
286271
288326
289981
291578
294172
296050
298415
301034
302210
304447
305935
307539
308809
310302
312045
313320
314837
316216
317466
319017
320875
322463
324256
325994
328089
330034
332128
334243
336295
338485
340861
342347
344792
347366
350128
351719
353311
356929
359404
360982
363579
365709
367878
369753
371829
374888
378590
382657
385127
390351
392396
394170
395637
397065
399861
401765
403147
405940
407850
410045
412423
414685
416283
419093
421329
423517
425399
426474
427788
428550
429599
430986
432546
434241
436786
438180
439528
441374
442942
445166
446519
447989
449046
450231
451538
453183
454930
456181
457699
459297
460416
461766
462714
464379
465275
466809
468538
469657
470809
472166
473496
475324
476770
478038
479915
481638
482933
484268
486384
487786
490143
492224
493294
494297
496026
497412
498623
499753
501279
503181
506079
507711
510133
511846
513316
515972
518210
519744
521141
521947
522862
524593
526284
527380
528872
530365
531740
532985
533948
535521
536728
537790
538628
540842
541877
542974
544296
546138
547893
549672
551247
553241
555848
558044
559553
561620
563687
565624
568030
569643
571178
572621
575267
577658
579431
580893
582207
583762
586770
588791
590914
592774
594530
596168
597138
598777
599912
601666
602889
605027
606654
608441
609818
611328
612866
615289
617229
619940
621591
623668
626027
628474
630827
633181
634668
636483
639216
641636
642864
644107
645948
647286
648971
650023
651337
652468
653834
655557
656946
658664
660759
662021
664093
666133
667783
670154
671914
673815
675382
677915
680157
682756
685046
687244
688738
690251
692039
693784
696748
699243
700670
702987
704572
707557
709255
710775
712601
714574
716451
719466
721324
723317
726348
728041
731012
733158
734567
736544
738854
740733
741783
743299
744671
745585
746709
747790
748899
749838
751508
753665
755167
756487
758168
760833
762877
764350
766885
768631
769981
771271
772874
777378
780800
783242
784906
787112
789007
790448
792872
794223
796353
797528
799551
801149
802847
804627
806258
808328
810090
811899
813623
815100
816466
818209
819456
821612
823418
825147
826248
828780
831802
835499
837834
839898
842520
843770
844960
846034
847079
848393
850015
851661
854196
856889
858341
860169
862368
864393
865990
867980
869503
871061
872244
873893
875584
877563
880072
881419
882377
883904
885221
887613
889952
891464
893072
895659
896990
898536
900784
903820
905546
907738
910444
911706
913410
914957
916503
918192
919732
921888
923873
925757
927020
929230
931396
932947
934602
936887
938267
940798
943291
945718
948230
950713
953819
956414
958058
960055
961953
963842
965243
967677
969609
971203
972923
974826
977155
979409
981983
983357
984899
986418
987906
990015
991465
993600
994976
996742
998708
999938
1001605
1003308
1004606
1006017
1007963
1009712
1011035
1013425
1015266
1017444
1019741
1021628
1023650
1025718
1028673
1030582
1032266
1034943
1037122
1039651
1041652
1044948
1046833
1049039
1050893
1052376
1053901
1055876
1057881
1059342
1061254
1064181
1066158
1068468
1070497
1073191
1075457
1077847
1078714
1079872
1081076
1081893
1083055
1084915
1086110
1087531
1088752
1089784
1090712
1091999
1092967
1094538
1095687
1097393
1098483
1099729
1101818
1103604
1105005
1106963
1108084
1109963
1110931
1112993
1114905
1117087
1119536
1121144
1122887
1124885
1127021
1128790
1130531
1132003
1133571
1134996
1136193
1137696
1138922
1140154
1141774
1144851
1146515
1148395
1149452
1151049
1152435
1153505
1156263
1158064
1160124
1162253
1164498
1166383
1168082
1169318
1170726
1172382
1173545
1176264
1179128
1180280
1182862
1184690
1185825
1186734
1188493
1190399
1192476
1194524
1196071
1198755
1200246
1202680
1203965
1205951
1208541
1209645
1211313
1212683
1214170
1215293
1216603
1217592
1218628
1220233
1220937
1221838
1222807
1223867
1224815
1226201
1228250
1231112
1232422
1235548
1237090
1238502
1240848
1242214
1244344
1245887
1248413
1250056
1252327
1254004
1255674
1257216
1259389
1261392
1262905
1264277
1266512
1267342
1269083
1270898
1273273
1275273
1277994
1279847
1281177
1285275
1287933
1291012
1292694
1294511
1296062
1297732
1299597
1301484
1303245
1304917
1306581
1307599
1309274
1310901
1312497
1313973
1315245
1317323
1319077
1321573
1323367
1324751
1326659
1328085
1329978
1331355
1333119
1335322
1337390
1339385
1341566
1343240
1346014
1348476
1349828
1351422
1354644
1356607
1358821
1360198
1362394
1365103
1366647
1368403
1369480
1371226
1373378
1374731
1376128
1378168
1380020
1381593
1382936
1384932
1386552
1389248
1390410
1391985
1393576
1394873
1396804
1398733
1400349
1401538
1402975
1404445
1405457
1406605
1408097
1409059
1409831
1410924
1412071
1413179
1414187
1415191
1416234
1417231
1418359
1419346
1420176
1420990
1421820
1423643
1427678
1429098
1430318
1432493
1434820
1437054
1439371
1441815
1445423
1447564
1448818
1450169
1452612
1454463
1457283
1458409
1459775
1461438
1463086
1465216
1467528
1469330
1471453
1473307
1475095
1476569
1478744
1481812
1483416
1485534
1486920
1489126
1491217
1495076
1499322
1503640
1506347
1509304
1514773
1518764
1523198
1526479
1532041
1535559
1537907
1540358
1541842
1543768
1545658
1547261
1549132
1550437
1553290
1554846
1556915
1558897
1560270
1561453
1563316
1566266
1567615
1569946
1571104
1571957
1573568
1575657
1578946
1580744
1582200
1583887
1585692
1586813
1589269
1590690
1591847
1593125
1594100
1596013
1597246
1598384
1599710
1600760
1602147
1603229
1604994
1606949
1609246
1611147
1613338
1616497
1618502
1620002
1622397
1624033
1625703
1627579
1628875
1630788
1633339
1634970
1636391
1638580
1639969
1641936
1643452
1644898
1646653
1648124
1649370
1650676
1652616
1653942
1655286
1657701
1659608
1661549
1663799
1665807
1667085
1669881
1671803
1673395
1674824
1676375
1677553
1678956
1680885
1682358
1684100
1685725
1687828
1688998
1690975
1692827
1694423
1695481
1697899
1699726
1701658
1704191
1705876
1706773
1710264
1712977
1714390
1715963
1717708
1719207
1721423
1723000
1724911
1726148
1727685
1729315
1731649
1733738
1735441
1737119
1738921
1741239
1743174
1744583
1745766
1747248
1748862
1750377
1751583
1752483
1753594
1755856
1757247
1758743
1759991
1761367
1762532
1764566
1765942
1767376
1768509
1770497
1772691
1774797
1776413
1778659
1780588
1782879
1785159
1787514
1789399
1790742
1792489
1794411
1796535
1797922
1799827
1801342
1802814
1804902
1806415
1807841
1808955
1810285
1811562
1812533
1813481
1814526
1815717
1816678
1818164
1819686
1822466
1823935
1825298
1827303
1830067
1834097
1836628
1838823
1841002
1843428
1846320
1848796
1850234
1852102
1854232
1855804
1858337
1859395
1861133
1862867
1864805
1866440
1867808
1869511
1871248
1873604
1875265
1876633
1878066
1879717
1881017
1882231
1883461
1884784
1886504
1888283
1889697
1891219
1892546
1894058
1894892
1896769
1897953
1900125
1902054
1904467
1906952
1909150
1910550
1912115
1914270
1915416
1916484
1918421
1920011
1921314
1923242
1924875
1927325
1928945
1931293
1935905
1939137
1941905
1945045
1948124
1949848
1951625
1953503
1955259
1957061
1959868
1962220
1964995
1966880
1969021
1970762
1972247
1974867
1976708
1978814
1981948
1983956
1985863
1988032
1989463
1991211
1993516
1995135
1997249
1998811
2000794
2002133
2003248
2004555
2005386
2006529
2007858
2009257
2010706
2012511
2013834
2016337
2018062
2019503
2020929
2023002
2026213
2028776
2030339
2032158
2033499
2035072
2037320
2038689
2040827
2043470
2045219
2047040
2050406
2052650
2054403
2055914
2057829
2061062
2063457
2066008
2067465
2068229
2069700
2071178
2073220
2074755
2076418
2078508
2080124
2082103
2083872
2085536
2086827
2089308
2091862
2093921
2095508
2096952
2099273
2101400
2104324
2106699
2108778
2111204
2113020
2114887
2116363
2118052
2119391
2121129
2122650
2124195
2125137
2126395
2127803
2129226
2130210
2134180
2136178
2137560
2139323
2141741
2143677
2145183
2148340
2150604
2151895
2153133
2155128
2156357
2157953
2159262
2160514
2162217
2163246
2164599
2165947
2167601
2168778
2170683
2172097
2173414
2174739
2176005
2177525
2179412
2180602
2182007
2183280
2184667
2187073
2188497
2190481
2192705
2194837
2196885
2199405
2201119
2204428
2207096
2209370
2211885
2214354
2217512
2221009
2222506
2225839
2228644
2230812
2234070
2237061
2240011
2242781
2245759
2248369
2252219
2254882
2258317
2260625
2262097
2264652
2266296
2267577
2269248
2270394
2271465
2272431
2273636
2274767
2276377
2278087
2279852
2282432
2284059
2286400
2288426
2290495
2292177
2294183
2296141
2299097
2301266
2303214
2305360
2307613
2309960
2311233
2313219
2315230
2317119
2318866
2321068
2323353
2325392
2326922
2329240
2331190
2332493
2334228
2336195
2338453
2339297
2341486
2343227
2346137
2349141
2351379
2352536
2354347
2356488
2357867
2359035
2360739
2362386
2363876
2365969
2367791
2369956
2371356
2373463
2375096
2376543
2378632
2380672
2382954
2383971
2386558
2387873
2390366
2392193
2393744
2395882
2397373
2399745
2402068
2404243
2405981
2407655
2409661
2411397
2414494
2417277
2419558
2421240
2422057
2423897
2425762
2427083
2428607
2429733
2430919
2432719
2434275
2435418
2436783
2438002
2439308
2440965
2442212
2443514
2444816
2445961
2447739
2449732
2450604
2452156
2454335
2456027
2458311
2459796
2461837
2463836
2466361
2468206
2469705
2471696
2474224
2476136
2478131
2480098
2482749
2485362
2488368
2490160
2492006
2493640
2494995
2497188
2499536
2501318
2502830
2504292
2506463
2508333
2509993
2512242
2514359
2515016
2516237
2517710
2518912
2519984
2521850
2523619
2524977
2526599
2528148
2529151
2530733
2532361
2534543
2536544
2537378
2539618
2541349
2543049
2545425
2549032
2551812
2553796
2555572
2559387
2562301
2564221
2566260
2567576
2569544
2571141
2573328
2575245
2577085
2579844
2580967
2582483
2583833
2584968
2587342
2588951
2589867
2591226
2592619
2594268
2595585
2597329
2599383
2601064
2602941
2605250
2607823
2609537
2612148
2615016
2617555
2619003
2620086
2621664
2623315
2625368
2628940
2630068
2631462
2633624
2635033
2636644
2637827
2640167
2642646
2644730
2646228
2647964
2649622
2650626
2652566
2653969
2654962
2656932
2659135
2660897
2662484
2664498
2667161
2669706
2671254
2672718
2674347
2676137
2677609
2679140
2681113
2682798
2683959
2685537
2687392
2688813
2690343
2691849
2694774
2696524
2699248
2701273
2703390
2705490
2706974
2710465
2712654
2714745
2715869
2717463
2718618
2719954
2720930
2722363
2723869
2725111
2726887
2728789
2730357
2732069
2734179
2735389
2737418
2738840
2740270
2741664
2743763
2745984
2749068
2751521
2754140
2756272
2758440
2759799
2761371
2763359
2765078
2765974
2767160
2768537
2770113
2771525
2773410
2774772
2776092
2777682
2779338
2780971
2782723
2784703
2786789
2788456
2790972
2793122
2794788
2796502
2798267
2800745
2803001
2805001
2806923
2808481
2809977
2812770
2814302
2815985
2817841
2819578
2821392
2823421
2825026
2827442
2829382
2831374
2832868
2834580
2836078
2838264
2840236
2841693
2842971
2844946
2846754
2848320
2850068
2851988
2854164
2855733
2856951
2858783
2861163
2864054
2865970
2869247
2871988
2873823
2875632
2877654
2879883
2881915
2884232
2886050
2887954
2889669
2891352
2892948
2895100
2896863
2898290
2900074
2901457
2903425
2905245
2907906
2909772
2911489
2912868
2914208
2916001
2918454
2920451
2922045
2923214
2925379
2926789
2928105
2929653
2931003
2931670
2932557
2934548
2936340
2938977
2941627
2943904
2946051
2947498
2949186
2951199
2954020
2956147
2957732
2961055
2964056
2965533
2969207
2970872
2973422
2975267
2976530
2978140
2980137
2982594
2984034
2985935
2988317
2989886
2991901
2993113
2995068
2996332
2998839
3000308
3002503
3004589
3007030
3009372
3010738
3013091
3014761
3016993
3018910
3020739
3022903
3025973
3027601
3028948
3030407
3032371
3034658
3037306
3038777
3040663
3042416
3044659
3046597
3048481
3049576
3051482
3052965
3054751
3056911
3059617
3061754
3063861
3065331
3067378
3068716
3070035
3071605
3073123
3074757
3076381
3077496
3079658
3081038
3082825
3084208
3085479
3086889
3088479
3090809
3093012
3095516
3097316
3099853
3101997
3103944
3105761
3107353
3108805
3111419
3112840
3115172
3117321
3118718
3120320
3121735
3122875
3125230
3126750
3128301
3129511
3131025
3133633
3135020
3136436
3137707
3139262
3140851
3142463
3144075
3145279
3146851
3148656
3150163
3151920
3154554
3156648
3158842
3160550
3163100
3165172
3166979
3169083
3170235
3172563
3175549
3177343
3178936
3180529
3182637
3184357
3186173
3188040
3190190
3191395
3193701
3195304
3196977
3198724
3200382
3201986
3203801
3205490
3207930
3209768
3211136
3212164
3215327
3217708
3220469
3223056
3225841
3228077
3230194
3231818
3234662
3237034
3239889
3241259
3242701
3244590
3246123
3247319
3248455
3249980
3251627
3252809
3254960
3256436
3258714
3260424
3261548
3262812
3263774
3265034
3266375
3268471
3270119
3271682
3273732
3275197
3276881
3278567
3280161
3282351
3283748
3285712
3287519
3289340
3291426
3292780
3294345
3295645
3297501
3298793
3301005
3302251
3303778
3305901
3307443
3309845
3311360
3312885
3314598
3316282
3318457
3319798
3322330
3325355
3327054
3328784
3331179
3332929
3334248
3336065
3338887
3340121
3341453
3342874
3344130
3345570
3346791
3348296
3350266
3352708
3354440
3357036
3359625
3361610
3363041
3364969
3367974
3370583
3374650
3377774
3379432
3381123
3382647
3384115
3385612
3386640
3388385
3390730
3391956
3393543
3396012
3397658
3398809
3399905
3402194
3403540
3405040
3406091
3407091
3408330
3409547
3410677
3411690
3412548
3413597
3414583
3415826
3417670
3419500
3421075
3423046
3424975
3426736
3429160
3430841
3432950
3435455
3438011
3440263
3441274
3442004
3442875
3444046
3445797
3446829
3448106
3449443
3450769
3452579
3453799
3455894
3457101
3458411
3460041
3461303
3463254
3465811
3467446
3468602
3469656
3471094
3472456
3474165
3475648
3477192
3479319
3481131
3482610
3484727
3486175
3487591
3488999
3490054
3491690
3493524
3495703
3497961
3499504
3501638
3503464
3505214
3508078
3509546
3511041
3512868
3515570
3517675
3519556
3522402
3525529
3528330
3529991
3532152
3534233
3537192
3539204
3540965
3542781
3545294
3547749
3549805
3552407
3555595
3557218
3558902
3560609
3562534
3563780
3565790
3567946
3569188
3570641
3572086
3573777
3575529
3577484
3580055
3581625
3583796
3585869
3587518
3589130
3591142
3592786
3594350
3596637
3599305
3601012
3602975
3605789
3608397
3610099
3611609
3612693
3615163
3616859
3619324
3621138
3623724
3625124
3626521
3627790
3628746
3629740
3630966
3633216
3635430
3636390
3637605
3639363
3640863
3642051
3643420
3645665
3648187
3650051
3651891
3653980
3656117
3658036
3659596
3660938
3662645
3664431
3666263
3668284
3670083
3672171
3675027
3677038
3678450
3680228
3682688
3684644
3685656
3686858
3688219
3690242
3692017
3694077
3696538
3697922
3699301
3700787
3702606
3704292
3706784
3708992
3711271
3712860
3715134
3716901
3719367
3721148
3722751
3724662
3726827
3728845
3731300
3733369
3734481
3735404
3736516
3737865
3739783
3741122
3742303
3744704
3746682
3748399
3749924
3752520
3754362
3755378
3757049
3758800
3760845
3762202
3763994
3765351
3766420
3767286
3768309
3769448
3770476
3771769
3773081
3774637
3776155
3777791
3781133
3783269
3784518
3785527
3786875
3787986
3788903
3790614
3792621
3794679
3796462
3798269
3800627
3803233
3805402
3807798
3810270
3813797
3815088
3816816
3818072
3819100
3820419
3821695
3823026
3824878
3827113
3829758
3832269
3833928
3835158
3837433
3839006
3840737
3842798
3844831
3846862
3849369
3851753
3853656
3854904
3856787
3859337
3861270
3863300
3865078
3866413
3868197
3869891
3871771
3873499
3875424
3877250
3879254
3881294
3883169
3885487
3887299
3888663
3889863
3891153
3893209
3894794
3896495
3898280
3899784
3902323
3903861
3905659
3908771
3910458
3912268
3914066
3915637
3917275
3920296
3922537
3923384
3926712
3928617
3929965
3932323
3934645
3936070
3937875
3939189
3941837
3943266
3945911
3947504
3949449
3950845
3952361
3955808
3958222
3959968
3961599
3963096
3964824
3966010
3968472
3970556
3972923
3973992
3975828
3977353
3979128
3981151
3983650
3985461
3987089
3989143
3991240
3993165
3994466
3995989
3998628
4000310
4002125
4003540
4004747
4006156
4007370
4008874
4010061
4011204
4012641
4013529
4014831
4015987
4017150
4019396
4021564
4023527
4024754
4025939
4028048
4029653
4031804
4033444
4035246
4036844
4038424
4039933
4042006
4044249
4046110
4047819
4049877
4051861
4053226
4055533
4057688
4060681
4062820
4065044
4066531
4067817
4070043
4071909
4073719
4076101
4077606
4080027
4082751
4084046
4086649
4090214
4093895
4095412
4096922
4099205
4101113
4102821
4104162
4106346
4108248
4111075
4112804
4114665
4116455
4118049
4119605
4121200
4122710
4124128
4125260
4127009
4128214
4129276
4131633
4133527
4134785
4135940
4137429
4138741
4139893
4142111
4143659
4146693
4148474
4149345
4151175
4152661
4154789
4156213
4158618
4160033
4162798
4165078
4167445
4169274
4171383
4173366
4175340
4177585
4179790
4182228
4183821
4185964
4188107
4190148
4192240
4194014
4195449
4196734
4197731
4199431
4200999
4202267
4203903
4205415
4206479
4207876
4209543
4210961
4212414
4215039
4216662
4217803
4219572
4220895
4222593
4224584
4226877
4228529
4229928
4231466
4233643
4235068
4237419
4238922
4240927
4243463
4246005
4249250
4252111
4253628
4255161
4256469
4259035
4260774
4263514
4265497
4267497
4269013
4270398
4272719
4274274
4276142
4277401
4278708
4280108
4281551
4284418
4286646
4289377
4292657
4295430
4297778
4299734
4301639
4303502
4305393
4307248
4308668
4310490
4312199
4314576
4316407
4317711
4318604
4319695
4320750
4321674
4322326
4323306
4324261
4325098
4325941
4326813
4327796
4328914
4329812
4330824
4332658
4334092
4336714
4338733
4340536
4342764
4344214
4345661
4347764
4349502
4351190
4353210
4354767
4356086
4357220
4358336
4359691
4361446
4363049
4364704
4365893
4366662
4367329
4367749
4368228
4369478
4369913
4370564
4371408
4372295
4373713
4374800
4376042
4377388
4379175
4380429
4381257
4382109
4383443
4384709
4385640
4386521
4387647
4389236
4390823
4392181
4393852
4394824
4396447
4397723
4399138
4401213
4402793
4404703
4406059
4407471
4411228
4414330
4416733
4418917
4421466
4424149
4425873
4429267
4431345
4433484
4437392
4440012
4443550
4445755
4447128
4448477
4449936
4451750
4454977
4456320
4458113
4459632
4461033
4462335
4464085
4465573
4467044
4468934
4470900
4472229
4473660
4475344
4477027
4478375
4479536
4480804
4482131
4483872
4485260
4487090
4488965
4492157
4496141
4500849
4502417
4504606
4507514
4509936
4511355
4514031
4515882
4517334
4519421
4521141
4523422
4524836
4526384
4527820
4529327
4532175
4533913
4535766
4537520
4539259
4541317
4543135
4545900
4548131
4550365
4552685
4555847
4557684
4561199
4563221
4564703
4566062
4567792
4569688
4571455
4573297
4575647
4578981
4582033
4583898
4585948
4588420
4591472
4593196
4595813
4597794
4598905
4600489
4601785
4602714
4603624
4605115
4606413
4607959
4610119
4612010
4613749
4615160
4616958
4618488
4620946
4622575
4624267
4625977
4628079
4629713
4631672
4633817
4635793
4637450
4639025
4640687
4641717
4643369
4644573
4645855
4647807
4649343
4650376
4651423
4652937
4655567
4656946
4658468
4660146
4661498
4663062
4664984
4666857
4668489
4670308
4672402
4674440
4676161
4678098
4679760
4682105
4683671
4684865
4686737
4688658
4690551
4693103
4694819
4696565
4697562
4698925
4699953
4701591
4703397
4705009
4706851
4707974
4709067
4710728
4713451
4716884
4718928
4720515
4722538
4723693
4725547
4728249
4729890
4731412
4732719
4734407
4735508
4736738
4737870
4739168
4740541
4741531
4742898
4744400
4745706
4747552
4749013
4750645
4752559
4753844
4755346
4757162
4758527
4760208
4762024
4764470
4766328
4768177
4770471
4772724
4775918
4778025
4781032
4783372
4785675
4788171
4790315
4793390
4796386
4799053
4801072
4802575
4804107
4805702
4808706
4811513
4814424
4816503
4818104
4820114
4821687
4822857
4824148
4825509
4826993
4828219
4829787
4831465
4832913
4834394
4835853
4837421
4838450
4839855
4841375
4842697
4844485
4846195
4849998
4852624
4854757
4856775
4858053
4860559
4862207
4863911
4865691
4867601
4869121
4871378
4872934
4875068
4876518
4878149
4879788
4881204
4882467
4884264
4885367
4886396
4888184
4889458
4891403
4893178
4895973
4897830
4899520
4901332
4903703
4905671
4907329
4909575
4911313
4913352
4915498
4917127
4919186
4921354
4922976
4924908
4925829
4928067
4929890
4930966
4932190
4933767
4934709
4936015
4937630
4938767
4940216
4941886
4943897
4945502
4947612
4949504
4951489
4954600
4956214
4958263
4960300
4961935
4964011
4965390
4966651
4968676
4969769
4970786
4971952
4972979
4974966
4976680
4978532
4981660
4984068
4985565
4987875
4990515
4992202
4993877
4995756
4997505
4999072
5001374
5002552
5004266
5005818
5007237
5009510
5011055
5012494
5014134
5016205
5018491
5019901
5021751
5023021
5025695
5028065
5030071
5031602
5032988
5034857
5036484
5038551
5039348
5040710
5042136
5043827
5046790
5048041
5049150
5050820
5052758
5055736
5056793
5058761
5059685
5061147
5062440
5063647
5064960
5066472
5067424
5069652
5071116
5072397
5074352
5076102
5078483
5080151
5082488
5084093
5086312
5088234
5090264
5092272
5094120
5095687
5098303
5100178
5101591
5103203
5105194
5107194
5108709
5110456
5112599
5114506
5116067
5117620
5119424
5121688
5124416
5125996
5127529
5129663
5131093
5132127
5134099
5136046
5137951
5139759
5141187
5142493
5143546
5145105
5147296
5149084
5150229
5151453
5153222
5154526
5156084
5157193
5158679
5160480
5162025
5163276
5165284
5167067
5168662
5170231
5172594
5174653
5175811
5176968
5178035
5180685
5182750
5184905
5188272
5190183
5191631
5194217
5196421
5198675
5199881
5202061
5203837
5205283
5206791
5208318
5210679
5212624
5213674
5214688
5216011
5217911
5219109
5220442
5222242
5224301
5225749
5227233
5228674
5230049
5231233
5232350
5234377
5237062
5238458
5240437
5243281
5246131
5247552
5249222
5250563
5252209
5253908
5254949
5256590
5258298
5260126
5261414
5262829
5264602
5265806
5266892
5269799
5271011
5272947
5274646
5276645
5277569
5279223
5281190
5282982
5284923
5286351
5288018
5289113
5291082
5292790
5294203
5295707
5297854
5299273
5300708
5302828
5305353
5307338
5309387
5311818
5313496
5315028
5316588
5317897
5319061
5320460
5321590
5323056
5324273
5325423
5326622
5327937
5328788
5329875
5331032
5331987
5333142
5334337
5335887
5337403
5340396
5342559
5343855
5346299
5347772
5350966
5353609
5355287
5359138
5360323
5362475
5364597
5365716
5368095
5371672
5373610
5376181
5378816
5381681
5384061
5387360
5390579
5392999
5394799
5396588
5398376
5400252
5402156
5404474
5406086
5407569
5409588
5411564
5414067
5415451
5416851
5419035
5420548
5421691
5422863
5424148
5425532
5427376
5428722
5430886
5432539
5434270
5436505
5438439
5440047
5442369
5443778
5445574
5447233
5449272
5451169
5453002
5455571
5458791
5461438
5463188
5464310
5466720
5468033
5470164
5473298
5474884
5477342
5479373
5480958
5483761
5485010
5487102
5488382
5491078
5493092
5494404
5495968
5498447
5500176
5502782
5504295
5505471
5507947
5510004
5512415
5515141
5517047
5518352
5520271
5521571
5522855
5524389
5525664
5527631
5529834
5530706
5532224
5533185
5534776
5536180
5537709
5539085
5540658
5541780
5543121
5544196
5545667
5547119
5549349
5551204
5552933
5554802
5556448
5558338
5560567
5562279
5563675
5565592
5566775
5569809
5571398
5573099
5574633
5576131
5577694
5578911
5580365
5582028
5583934
5585708
5587616
5589335
5592092
5595404
5599774
5605758
5608086
5610138
5612414
5614414
5616767
5619354
5621562
5623672
5625649
5626826
5629297
5630702
5632581
5635641
5637906
5641007
5644102
5647553
5649982
5652197
5654344
5657461
5659327
5660930
5662941
5664179
5666011
5667570
5668728
5670124
5670999
5672121
5673961
5675630
5677281
5679091
5680660
5682008
5683037
5684611
5686598
5688151
5689817
5691335
5693180
5694635
5696132
5697334
5699088
5700728
5702671
5704706
5705859
5707566
5709555
5711540
5714059
5715459
5716375
5717485
5719114
5720619
5722028
5724545
5726449
5728748
5730427
5732758
5735525
5738276
5741514
5744444
5746457
5748443
5750811
5752884
5754732
5757025
5758402
5761521
5764500
5766977
5769624
5772201
5774471
5776018
5777899
5780497
5781824
5784199
5785408
5786421
5787604
5789259
5790840
5791727
5792727
5794170
5796153
5797629
5799151
5801098
5802576
5804611
5806329
5807449
5809447
5810800
5812471
5813939
5816571
5818455
5820944
5822703
5824794
5826373
5828040
5829855
5831224
5832578
5833782
5835796
5838558
5840479
5841206
5842250
5843291
5844854
5846510
5848090
5849456
5850552
5851760
5853010
5854135
5855540
5856736
5857603
5858732
5860022
5860946
5862038
5863767
5864873
5866477
5867721
5869291
5870679
5871922
5873083
5874262
5876033
5877502
5878713
5882012
5883794
5886069
5888345
5890129
5892417
5894581
5896304
5898380
5899665
5901365
5903268
5904842
5907252
5909266
5910542
5912161
5913899
5915233
5916953
5918683
5920085
5921821
5924577
5926881
5929035
5930810
5932164
5933952
5935895
5937183
5939015
5941849
5943337
5945467
5947822
5951123
5952854
5955993
5958769
5960532
5963446
5965186
5966990
5969137
5971902
5973227
5974900
5976386
5978199
5980529
5984087
5985716
5987303
5988456
5991428
5992926
5994875
5997719
5999485
6000932
6002767
6004556
6006131
6007794
6009298
6011183
6012920
6014848
6016690
6017899
6019484
6021114
6022366
6023775
6025159
6027812
6031287
6034868
6037026
6039232
6042263
6044853
6046822
6048478
6051549
6053545
6056669
6057755
6059140
6060454
6062249
6063563
6065583
6067502
6069310
6071618
6073236
6074797
6076825
6078367
6080318
6081632
6082956
6084270
6087361
6089167
6091610
6093442
6095381
6097055
6098424
6100152
6101252
6102173
6103164
6105154
6106471
6107520
6108723
6110215
6111496
6112973
6114163
6115295
6116283
6117567
6119422
6121723
6123715
6126004
6127869
6129947
6132164
6133500
6134968
6136522
6138091
6139603
6140685
6141593
6142923
6144388
6145561
6147533
6149937
6151946
6154538
6155534
6156947
6159489
6161087
6165853
6167652
6168711
6170613
6172375
6173498
6174823
6177389
6178327
6179718
6181934
6183601
6185354
6188115
6190231
6193202
6194932
6196905
6198630
6199902
6201920
6203480
6205402
6206636
6208937
6210646
6212125
6214102
6216040
6217501
6219735
6222112
6224390
6226406
6228366
6230339
6232773
6234236
6235270
6237432
6239755
6241605
6242487
6243489
6245372
6246460
6248385
6250283
6252277
6254639
6256923
6258316
6259905
6261742
6263807
6265598
6266863
6268221
6269825
6270870
6271778
6272521
6274876
6276432
6277835
6280203
6282057
6283597
6285835
6287477
6288866
6290141
6291523
6293136
6296271
6298101
6299463
6300919
6303410
6305917
6307846
6309692
6312401
6315018
6317403
6319707
6322509
6325600
6327373
6328952
6330693
6331828
6333382
6334840
6336169
6337536
6339422
6341348
6345520
6347974
6350049
6352255
6354783
6357200
6358954
6360757
6362715
6365650
6367495
6369382
6371216
6373430
6375353
6377372
6379132
6380499
6382341
6383580
6386863
6387820
6388616
6389645
6391045
6392139
6393520
6394769
6396074
6397848
6398875
6401001
6402419
6403642
6404760
6406026
6407912
6409282
6411287
6412727
6413940
6415518
6417277
6418495
6420635
6421787
6423248
6424500
6426036
6427659
6429938
6431137
6432854
6435042
6436760
6438522
6439850
6441573
6444707
6446465
6448355
6450267
6451516
6454036
6455980
6457446
6459138
6460423
6462708
6465075
6466505
6467898
6469340
6470822
6473118
6474053
6476553
6477950
6479076
6479987
6480869
6482122
6483858
6485757
6487434
6489015
6490165
6491680
6493250
6495108
6496464
6497342
6498831
6499849
6500693
6501860
6502901
6504072
6507626
6509265
6511506
6513806
6516363
6519325
6521528
6522235
6523924
6524852
6526111
6526981
6527967
6529637
6531400
6533282
6535377
6537518
6538922
6540863
6542676
6544041
6546334
6547895
6549618
6551585
6553142
6555151
6557327
6559238
6561156
6562434
6563814
6565211
6566519
6567657
6569337
6570968
6572949
6574418
6577398
6579208
6581056
6583236
6584880
6586484
6587774
6589695
6591350
6593019
6595728
6598067
6599501
6600720
6601546
6603195
6604472
6606699
6607861
6608941
6610343
6611649
6613248
6615268
6616516
6617912
6619291
6620961
6622791
6624916
6626263
6628259
6631194
6632983
6635297
6637309
6639056
6641826
6643996
6645677
6647434
6649112
6650750
6652660
6654044
6655933
6658125
6660522
6662002
6663751
6665409
6667743
6669323
6671900
6674104
6675363
6677667
6679389
6681705
6683406
6685199
6686783
6688563
6690908
6693200
6695448
6696976
6699120
6700977
6702726
6704676
6707710
6709691
6711304
6713717
6716691
6718708
6720298
6721861
6723489
6725950
6727870
6729408
6731323
6733418
6735504
6737717
6740058
6741600
6743807
6745575
6747194
6748937
6750753
6753004
6754139
6755956
6758039
6760754
6762822
6764728
6767093
6769106
6771255
6773119
6775889
6778954
6780138
6782199
6785009
6787460
6789043
6790793
6793394
6795767
6798152
6800972
6803624
6806370
6807707
6810403
6812425
6813723
6815348
6817990
6819744
6821724
6824149
6826222
6828426
6830482
6832791
6834249
6835477
6836778
6838729
6840192
6841451
6842876
6844867
6846709
6848524
6850727
6853309
6855595
6858505
6860477
6862280
6865221
6867601
6869418
6870777
6872306
6874358
6877173
6879563
6881225
6883006
6885576
6888885
6890602
6892389
6894207
6896496
6898744
6901499
6904001
6905459
6908739
6910416
6912736
6914945
6918513
6920852
6922125
6924646
6928840
6931747
6934081
6936579
6940000
6943390
6945519
6948594
6950131
6951914
6953362
6955653
6957369
6960194
6961521
6963288
6964974
6966509
6967924
6969314
6971109
6972885
6974656
6976897
6980177
6982603
6984419
6986350
6987672
6988815
6990322
6992051
6994338
6995833
6997594
7000013
7002356
7005874
7008513
7012183
7015475
7017286
7019762
7021901
7024318
7025867
7027619
7029466
7031149
7032970
7034437
7036184
7037568
7039273
7040862
7042931
7044769
7046351
7047925
7049939
7052187
7053300
7055028
7056858
7058497
7060030
7061496
7063264
7064631
7066586
7068364
7070072
7071878
7073513
7075866
7078013
7079984
7082129
7083838
7086162
7087768
7089616
7091269
7093569
7095007
7096907
7098716
7100580
7101939
7103423
7105533
7107957
7110400
7112269
7113510
7114718
7116462
7117971
7119305
7120339
7122248
7123507
7125160
7127076
7129970
7132098
7133920
7135560
7138268
7139969
7141506
7143206
7144591
7147007
7148579
7149896
7151410
7153119
7154589
7156387
7157791
7159220
7160665
7162520
7164725
7166193
7168189
7170187
7172133
7173735
7175422
7177238
7178997
7181910
7183892
7185858
7188401
7191803
7193868
7195570
7197155
7198192
7199100
7200226
7201923
7203558
7205294
7207781
7210269
7211758
7213874
7216969
7219037
7221184
7224009
7226514
7228586
7231042
7233302
7235823
7238127
7239618
7241337
7242877
7245009
7246487
7248364
7249453
7250808
7252348
7253664
7255475
7257555
7258973
7260947
7262814
7264008
7265364
7266431
7268036
7269166
7271065
7272213
7273647
7274566
7275976
7277251
7278366
7279685
7280491
7281389
7282789
7284076
7285080
7286265
7287118
7288327
7291142
7292440
7293308
7294751
7296333
7297642
7298789
7300042
7301684
7303179
7304698
7306071
7307916
7309650
7311413
7313462
7315454
7316875
7319064
7320748
7322390
7324607
7327122
7329178
7331445
7333226
7334508
7335894
7337308
7338994
7341040
7342909
7344356
7346603
7348391
7350766
7353220
7356269
7359904
7362869
7365777
7367931
7370386
7372323
7376747
7379294
7381397
7383324
7385078
7387777
7391251
7393660
7397194
7400133
7403823
7407016
7408887
7411172
7413271
7415397
7417299
7419457
7421553
7423611
7425335
7427066
7428716
7430363
7432271
7433923
7435374
7437006
7439083
7440963
7443226
7445157
7446710
7448198
7449603
7451562
7453367
7455034
7456517
7458360
7460201
7462002
7463872
7466267
7468544
7470188
7471477
7473071
7475022
7476470
7477828
7478882
7480070
7481640
7483833
7485888
7487868
7489194
7491399
7493127
7494374
7495910
7498023
7500000
7502056
7504828
7506482
7508526
7510832
7512922
7514264
7516023
7517257
7518998
7521109
7522288
7523576
7525164
7528491
7529750
7532426
7533776
7535616
7537211
7538279
7539631
7541348
7543323
7545983
7549607
7552089
7554280
7557126
7559124
7560436
7561537
7562968
7564087
7565729
7567689
7569184
7570793
7572966
7575071
7577085
7579236
7580391
7581550
7582546
7584255
7585797
7587197
7588879
7590116
7591824
7593632
7595627
7597023
7600013
7601638
7603409
7605025
7606666
7608307
7610639
7612138
7613669
7615524
7617431
7619543
7621179
7622327
7624792
7626696
7628391
7629826
7631431
7632920
7634151
7635771
7637529
7639362
7641069
7643628
7645648
7647820
7650072
7652590
7654302
7656018
7658142
7659363
7661595
7662971
7664329
7665615
7667151
7668658
7669877
7671097
7674069
7675843
7677392
7678712
7679980
7682088
7683846
7685500
7687076
7689448
7692133
7694109
7696422
7698328
7700519
7702287
7704254
7706464
7708162
7709937
7712208
7714288
7716802
7718145
7719671
7721046
7722554
7724348
7726014
7728095
7730052
7732353
7734492
7736035
7738293
7740332
7742068
7744001
7746245
7748182
7749780
7751739
7753459
7755245
7757914
7760122
7763328
7765037
7766780
7768506
7770986
7773338
7774866
7777545
7779109
7780988
7782579
7784358
7785649
7787129
7789347
7790984
7792200
7794339
7797037
7799612
7801856
7803804
7805961
7808747
7810696
7812900
7815079
7817538
7820178
7822638
7825099
7827441
7830716
7833250
7835020
7836029
7838110
7839797
7842050
7843362
7844957
7846282
7847632
7849025
7850591
7852226
7853644
7854844
7857341
7859819
7861568
7863510
7865032
7867027
7868291
7870223
7872291
7874490
7876860
7878957
7881389
7882676
7885621
7887357
7889916
7891227
7895077
7896609
7898011
7900436
7902750
7905430
7907989
7909109
7911201
7914061
7915705
7917970
7920003
7922123
7923912
7925572
7927055
7930243
7931855
7933690
7936340
7938275
7940477
7941474
7943124
7944323
7945598
7946638
7947681
7949309
7950520
7951607
7952781
7954271
7955312
7956413
7957730
7958966
7960937
7963068
7964538
7966440
7969155
7971086
7972835
7974134
7975556
7977200
7978572
7980209
7981756
7983085
7984120
7985611
7987281
7989524
7991699
7994133
7996213
7998138
8000278
8002302
8004408
8005841
8008413
8012280
8015453
8018580
8020900
8022478
8024929
8027233
8029807
8033022
8034650
8037278
8039106
8041114
8043571
8046359
8049117
8051836
8053578
8055090
8056748
8058689
8060190
8062017
8063702
8065253
8068028
8069285
8070884
8072562
8074968
8077576
8079608
8081415
8084064
8085959
8088919
8090420
8091851
8093229
8095174
8096613
8098621
8100275
8102774
8105688
8107945
8109561
8111071
8112457
8114227
8116019
8118405
8120135
8121842
8123536
8125046
8126778
8128971
8131365
8133512
8135085
8136727
8138728
8139834
8141600
8144038
8145610
8147135
8148631
8150194
8151520
8152791
8155160
8157982
8159427
8160582
8162345
8163664
8165982
8167927
8169624
8171599
8173360
8175878
8177770
8179040
8180519
8181779
8183304
8185484
8186818
8188650
8190519
8192675
8194501
8196519
8198341
8199932
8201374
8203541
8205083
8207915
8210760
8213812
8216104
8218026
8219198
8220334
8221897
8223892
8225535
8228694
8231737
8234442
8237500
8240033
8240963
8242714
8244406
8245807
8247332
8248713
8249675
8250911
8253117
8255623
8258698
8260244
8262790
8264710
8269152
8271482
8273422
8274741
8276776
8279916
8281751
8283782
8285315
8287374
8288802
8290262
8291804
8294226
8296079
8298172
8299326
8301545
8303487
8305812
8307463
8309338
8310762
8312329
8314612
8316224
8318085
8320187
8321700
8324055
8325532
8327464
8329973
8333119
8336877
8339328
8340877
8343265
8345888
8348078
8350090
8352626
8355599
8357304
8359015
8360740
8362789
8364832
8366717
8368759
8370206
8372338
8375698
8377332
8379296
8381900
8384555
8387232
8389347
8391305
8393032
8395873
8397268
8399476
8402794
8404193
8405789
8407292
8408797
8410404
8412943
8414075
8415552
8417340
8418757
8421589
8423553
8425281
8427425
8429923
8431306
8433082
8435230
8436618
8437920
8441174
8444240
8447067
8448604
8450780
8452725
8455224
8457063
8458528
8460290
8462145
8464563
8465970
8468132
8469424
8470918
8472150
8473010
8474596
8475702
8477090
8478852
8480112
8481600
8482609
8484170
8485800
8487686
8489144
8490689
8492884
8494249
8495269
8496132
8497382
8498712
8502054
8503426
8505624
8507045
8508521
8509892
8512127
8513768
8516575
8518517
8519800
8521893
8524679
8527481
8529247
8530932
8532032
8534770
8537841
8539253
8542312
8544424
8545971
8548812
8550197
8552611
8555022
8557963
8560670
8564901
8567568
8569931
8572582
8573685
8575924
8577070
8578472
8579452
8581373
8582444
8584271
8585027
8586175
8587485
8588412
8590171
8592357
8594250
8596031
8597430
8599305
8601231
8603545
8604846
8607475
8608675
8610072
8611818
8613568
8615283
8617566
8619523
8621226
8622802
8625109
8627415
8629295
8631226
8633953
8636356
8637998
8639818
8641606
8643155
8644597
8646303
8648245
8650194
8652741
8654647
8656279
8657921
8658949
8660391
8661752
8663501
8665244
8666886
8668340
8670358
8672182
8673805
8675171
8676374
8677958
8679482
8680811
8681985
8683810
8685731
8688209
8689733
8691280
8693084
8694691
8697122
8698881
8701223
8703230
8705342
8708557
8710684
8712547
8714584
8716899
8719524
8721621
8723163
8725282
8727201
8728569
8729967
8731399
8732815
8734163
8735234
8736297
8737644
8739792
8740141